2107942153580187667
677539026647686701
3921576174923779310
-8843444741085353521
-1315279265561856978
-8889975105845843682
4746947368435072584
-524547721955716126
-5363720316960321130
-6597305393476102642
116372122739243
-4065353863956286088
1649916174400273461
3585616932945608988
2238736647959839689
-7274785056754472519
-1450071228334509078
-621815178558848629
-1667461331475151508
-7481647493091810193
33907382140717887
7760864449815273702
-5623870530967532356
6477153825918664577
4405809112953807735
566351659760653088
-1442165574365462912
2302550821350118755
2350813288718201148
6788764879600
7345365606888151092
8525548296375440066
6676231520165150229
1475781739078658658
8570495489404099316
-8512775198615630138
8652648694837774625
-2629388002676118657
-7230454286002039385
2004203792858366
1961953049013683
2715256813836254786
-4311355417364400828
24546921942
3372060115607246945
-8790425912615368441
7161826615193137447
-2313076437390327171
-4223067708046032375
5298710238431633865
7485710324097139980
6729413858295794706
-9016960214517632946
4557791436897536102
6477153831386533884
5470316244498956285
-5204508371516607460
-7775311896907947804
-4705765736988494967
-925730255638916976
1485861025422764248
-5879048178117924321
-5643850869746450192
-266199295707198068
-7466682654823823162
5783081288033436522
-9049528487075363480
-2437367995075749652
-8285055933975002547
-5567013923363239832
1504816463994075455
-75835631402669009
7336146118481915310
-6447309555667553129
-5903083888170637174
-3989414191103851066
5714179499550979869
2727100877457384030
-6818978383835334664
-3058961733553578256
719063770978096140
7376070147013872768
